 8.28242004e+00 -3.96341715e+00
 9.46970499e+00 -3.25189628e+00
 9.70354668e+00 -4.16460203e+00
 9.82253815e+00 -2.28447491e+00
 1.57238499e+00  5.14218907e+00
 9.38712037e+00 -3.19917730e+00
-3.49475250e+00  2.31381261e+00
-4.23896428e+00  2.14915227e+00
 1.82098257e+00  4.07258200e+00
 4.22289794e-01 -4.35073437e+00
 8.13787149e+00 -5.02832281e+00
 9.08017263e+00 -4.92806298e+00
 1.71838474e+00  3.06882591e+00
 8.83324118e+00 -7.99395577e+00
 9.45017894e-01  3.45728276e+00
-9.92690631e-01 -4.85565512e+00
-4.25448894e-01 -4.61081892e+00
 7.26541300e+00 -4.05398442e+00
-3.47567944e+00 -5.85394776e+00
-1.37183551e+00  1.30996084e+00
-3.65588835e+00  3.41468272e+00
-4.43863130e+00  9.47502338e-01
-2.77691520e+00 -5.83654555e+00
 1.68210660e-01 -5.47772015e+00
 1.11361957e+00  4.00688758e+00
-1.69770384e+00 -6.36371470e+00
-2.88454743e+00  3.83324591e+00
-8.63389389e-01 -5.26226240e+00
-1.74083403e+00 -5.48878480e+00
-2.88463256e+00  4.91308757e-01
 1.81175814e+00  4.84788495e+00
-2.96822806e-01 -6.06532310e+00
 1.15647157e+01 -4.52140495e+00
-2.75205390e+00  1.23800927e+00
 8.35343191e+00 -3.35343954e+00
 9.16051750e+00 -2.60639966e+00
-2.96987895e+00 -1.57895979e-01
-3.27454590e+00 -3.90175325e+00
-3.20441637e+00 -3.37483926e+00
 9.21426709e+00 -4.41800165e+00
-2.84828484e+00 -2.04762556e-01
-3.85845442e+00  2.86936154e+00
-1.20667098e+00 -4.89384760e+00
-3.87788959e+00  1.03888031e+00
-6.98865026e-01 -5.25905977e+00
 9.09190541e+00 -5.23408751e+00
 6.83604856e-01  4.09304054e+00
 1.55508241e+00 -6.09559297e+00
 2.15534386e-01  3.03552715e+00
-4.24092676e+00  1.62237529e+00
-3.33242344e+00  3.01515028e-01
-1.85377233e+00 -4.68747332e+00
 9.45938335e+00 -4.58807530e+00
-3.16693598e+00  3.96688296e-01
-2.17723388e+00 -3.38175883e+00
-2.20244575e+00 -4.77171052e+00
-2.14962405e+00  2.52638973e+00
 9.69213559e+00 -4.45574920e+00
-3.84038924e+00  6.40739931e-01
 2.77826926e-01 -2.79438738e+00
 8.31782525e+00 -4.78024234e+00
-4.19677308e-01 -7.10666673e+00
 1.05426248e+01 -4.58934286e+00
 2.47825567e-01  4.46735502e+00
 1.41196058e+00  5.66954929e+00
-3.23225105e+00  2.66902284e+00
-2.45553778e+00 -4.32511281e+00
-3.11883137e+00  4.69565520e-01
 1.34689642e+00  3.10778673e+00
-2.74853638e+00  7.47514978e-01
 9.31746785e+00 -4.10486809e+00
 8.74972621e-02  4.61160468e+00
 9.89699379e+00 -5.91993767e+00
 1.51809226e+00  3.65768184e+00
-5.20685283e-01  5.55497407e+00
 7.34234891e-01  2.43293324e+00
-4.33593631e+00  9.88828662e-01
-1.18050184e-01  4.29179032e+00
 1.37105078e+00 -6.10595663e+00
 7.35958438e-02 -5.59832280e+00
 2.48713526e+00  5.34218826e+00
-2.42430905e+00  1.26271754e+00
 1.08227540e+01 -5.19132915e+00
-1.30062059e+00 -5.72826518e+00
 8.74113468e+00 -3.89515184e+00
-1.13808082e+00 -3.83233562e+00
 1.30774230e+00  4.91302420e+00
 9.51653670e+00 -5.00543683e+00
-8.37922637e-01 -3.81760725e+00
 6.74987995e-01  3.17005957e+00
-3.21924921e+00  2.24678003e+00
 8.96687535e+00 -4.47518216e+00
 1.12914449e+01 -4.94798376e+00
 9.98627446e+00 -5.41608346e+00
 4.81893862e-01 -4.37569948e+00
-2.21514993e+00  3.90255529e+00
-4.52618776e-01  6.91387079e+00
 7.80663895e-01 -5.68124402e+00
 4.17588256e-01  4.80932725e+00
-5.32455555e+00  2.29985709e+00
 8.54949750e+00 -4.39318702e+00
-1.86038937e+00 -5.89508084e+00
-4.10720288e-01 -5.20721738e+00
 1.03965150e+01 -5.82521027e+00
-3.50259028e+00  9.99848685e-01
-7.97014193e-01 -4.14995587e+00
 1.16111681e+00  4.52163251e+00
 8.67166460e+00 -6.65136787e+00
-1.05200345e+00 -5.18252076e+00
 1.01265280e+01 -4.08053614e+00
-2.93883487e+00  2.57066668e+00
-6.48280753e-01 -5.53814687e+00
-2.38827451e+00  2.68330707e+00
-3.62982318e-01  4.76553734e+00
 8.37133309e+00 -4.82593212e+00
 1.59203992e+00  4.66244008e+00
-2.25741866e+00  3.50766080e+00
-1.65756039e+00  8.10879115e-01
-1.93217470e+00  1.14913652e+00
-1.41966505e+00 -4.97055336e+00
-8.94486099e-01 -4.67850376e+00
-1.36107223e+00  7.60056390e-01
-2.29691104e+00  2.24726646e+00
-2.32326187e+00  2.67986387e+00
-3.32276466e+00  8.77737957e-01
-2.71676346e+00  2.46539758e+00
-2.31425270e+00 -5.09120510e+00
 1.46447619e+00  3.42184903e+00
 9.46933161e-01 -2.94133777e+00
-3.82584065e+00  1.59050830e+00
 9.66680952e+00 -6.41886136e+00
 1.02850567e+01 -5.14806423e+00
 7.64004979e+00 -4.81132840e+00
-2.18934161e-01 -4.01520482e+00
 9.64689982e-01  4.44273492e+00
-3.88613913e+00  2.43260107e+00
 3.29974514e-01  2.07773109e+00
-5.07595067e+00  3.43503892e+00
-4.27023982e+00  2.38976987e+00
-3.70028324e+00  1.94819479e+00
-5.39127121e+00  1.93121729e+00
 1.02519950e+01 -3.88351086e+00
 1.45124448e+00  5.67516638e+00
-1.87472938e-01  4.50752474e+00
-1.28313813e+00 -3.88993956e+00
-1.62594863e+00 -5.53889058e+00
 2.15708175e+00  5.97147425e+00
 1.01296955e+01 -4.67991881e+00
-2.12926624e+00 -4.86709677e+00
-1.41885899e+00  5.47255977e+00
-2.01295408e-01 -4.63756209e+00
 8.94435950e+00 -5.00563619e+00
 7.72979433e+00 -4.42361624e+00
-1.23262368e-01 -4.68912869e+00
 1.18386149e+00  3.31071568e+00
-3.48437214e+00  9.36147272e-01
-1.30149166e+00 -5.98364347e+00
 4.28330853e-01 -3.17345856e+00
 9.11396252e+00 -6.45245668e+00
 1.35510133e+00  2.10043429e+00
 9.97879344e+00 -3.30185209e+00
-2.31178416e+00 -3.94504210e+00
 1.11502031e+00  4.24858692e+00
 2.85220422e+00  3.54483779e+00
 1.15119285e+00  5.25382003e+00
 5.51784856e-01 -4.72003726e+00
-2.98406925e+00  2.92140924e+00
-6.41103994e-01 -4.30897382e+00
-3.39133450e+00  3.48792649e+00
 1.06777481e-01  3.66395628e+00
-2.39907054e+00  8.66887092e-01
-3.80019486e+00  1.90811678e+00
-3.75788404e+00  1.44451450e+00
 1.00122434e+01 -2.95473087e+00
 5.94352397e-01 -6.44617919e+00
-7.96132005e-01 -4.50310887e+00
-1.02997844e+00 -5.41570113e+00
 9.59827708e+00 -3.81324753e+00
 1.73894086e+00 -4.78436650e+00
 1.20449721e+00 -5.19390296e+00
 4.86193234e-01  3.96965375e+00
 9.01496520e+00 -5.31349396e+00
-1.51505189e+00 -5.75627931e+00
 1.13623393e+00  4.22096797e+00
-4.56159852e+00  5.23665781e-01
-4.78282418e+00  4.26247317e+00
-5.86492486e+00  2.81385136e+00
-3.66413213e+00  3.53628573e+00
 9.86918440e+00 -4.35199889e+00
 1.46771376e+00  5.22062004e+00
 9.80478723e-01  5.03665137e+00
 1.51206805e+00  4.11723387e+00
-3.82856408e+00  1.77842439e+00
-2.98713661e+00  1.90622714e+00
 8.55592217e+00 -3.75514572e+00
 1.02764980e+01 -4.23958066e+00
 9.46794812e+00 -4.92370432e+00
 6.93408380e-01  5.07676976e+00
-3.87424287e-01  2.89288018e+00
 2.06145045e-01 -4.44869120e+00
-8.18377737e-01 -5.22185834e+00
-4.50603951e+00  1.94437093e+00
 1.12841955e+00  3.40237500e+00
 9.21228711e+00 -5.34209847e+00
 9.78050289e-01 -5.95754343e+00
 9.92454547e+00 -6.29659042e+00
 9.91726619e-01 -5.37497651e+00
-7.59674046e-01 -5.19055829e+00
 1.51476962e+00  4.99925123e+00
 8.77054491e+00 -4.77374729e+00
 3.67575759e-01  4.67364152e+00
 3.53951526e-01 -4.16134028e+00
 1.77930695e-01  2.76552433e+00
-2.07486093e-01  6.15456170e+00
 1.16623903e+00  4.44031072e+00
 9.25416098e+00 -5.27001384e+00
 6.22446341e-01 -6.11131873e+00
 1.01161584e+00 -6.61257689e+00
-2.56825268e+00  2.44727760e+00
-1.05381102e+00  3.69692621e+00
 5.20623301e-02 -6.02004298e+00
-2.74795612e+00  1.83824464e+00
-1.94380315e+00  1.59891375e+00
 8.91059800e-01 -4.10259110e+00
 9.11689351e+00 -4.30131205e+00
 1.36342504e+00  2.54047691e+00
-2.96737891e+00  1.51411932e+00
 6.66502596e+00 -5.71490947e+00
 1.14541564e+01 -4.22690409e+00
 3.03998651e-01 -5.97488439e+00
-7.84259963e-03  4.93748297e+00
 1.85231240e+00  4.35930681e+00
 8.67101199e+00 -4.64751515e+00
 2.05427288e+00 -3.99978216e+00
 1.12669678e+01 -5.69900134e+00
-2.69243275e+00  1.64779628e+00
 4.95939883e-01 -7.40740986e+00
 8.70231764e+00 -4.63571074e+00
-1.28597741e+00  5.80422864e+00
 4.79706894e-01  5.38179915e+00
 1.06292743e+01 -4.84075477e+00
-3.43613827e+00  2.03920889e+00
 1.42299027e+00  3.37327198e+00
-2.92769470e+00  1.56773663e+00
-4.93424811e+00  1.30915333e+00
-9.06472555e-01  4.02566705e+00
 1.65616209e+00 -3.92620656e+00
-3.76166588e+00  7.40074087e-01
-3.77655389e+00  1.75256019e+00
-1.72538072e-02  3.20044885e+00
 1.08671529e+01 -4.04899595e+00
-5.94597478e-01 -6.27396922e+00
 9.23199868e+00 -4.52827120e+00
 1.03184534e+01 -4.63970863e+00
 2.50271439e+00  2.96582017e+00
-3.59150255e+00  1.88388110e+00
-2.13658557e+00 -5.07683019e+00
 9.31992171e+00 -5.53766612e+00
 2.09571131e+00  4.26595977e+00
 7.71556640e+00 -4.18716945e+00
-3.26180876e+00  9.29399032e-01
 2.24771345e-01  4.12406637e+00
 9.69866457e+00 -3.22528760e+00
 1.35401489e+00  3.27849094e+00
-5.16813017e+00 -6.54184125e-02
 1.36673435e+00  3.99763620e+00
-4.13059281e+00  9.33008962e-01
 1.02470698e+01 -4.96195036e+00
 2.55333428e+00  4.15380851e+00
-2.93489819e+00  1.43735035e+00
-1.22387235e-01  3.08924739e+00
 5.11683572e-01  6.53806013e+00
 1.04535335e+01 -3.32254534e+00
 4.54764577e-01  4.83961595e+00
 8.92259082e+00 -5.41763605e+00
 7.41068882e+00 -3.74359764e+00
-3.77312826e+00  4.47884108e+00
-1.06411814e+00 -3.95314089e+00
 1.00663713e+00  4.36880210e+00
 8.46107147e+00 -3.43248750e+00
-2.70124946e+00  1.45741324e+00
 1.19325264e+01 -6.30241460e+00
 4.98216053e-01  3.04783045e+00
 5.15812196e-01 -4.34460464e+00
 8.73358785e+00 -4.10408871e+00
 3.22927999e-01  1.62192105e+00
-1.13772386e+00 -4.75092556e+00
-4.38071477e+00  9.00148270e-01
-4.46307282e+00  2.76892775e+00
 6.39057676e-01 -5.67041479e+00
 2.56449165e+00  4.16950274e+00
 8.65279215e-01  5.05540572e+00
 8.52322544e+00 -5.49145919e+00
-4.14464695e+00  2.82684310e-01
-2.50689913e-01  5.60839716e+00
 9.44383784e+00 -4.45139209e+00
 8.77918903e+00 -4.73964688e+00
-3.04827556e-01 -4.94681147e+00
 8.60272284e+00 -5.46219369e+00
 5.09485991e-01  4.50933384e+00