-0.56846154 -0.53393263
-0.69321503  0.63509072
-0.18100627 -0.66529505
 0.28530111 -0.71198341
 0.98612067  0.02973217
 0.37124604  0.9245693
 0.7701335  -0.56719593
-0.3211939   0.96014022
 0.60687147  0.81983347
 0.88215296 -0.53613731
 0.57935001 -0.56528644
-0.00152611  0.78172979
-0.63482038  0.46601885
 0.02124186  1.00672253
-0.72975697 -0.08910481
-0.18288315 -0.99947142
 0.91479949  0.5738265
 0.37251475 -0.8609486
-0.50338814  0.57161017
 0.34168051 -0.91937864
 0.10756012  0.82407837
-0.68577511  0.32509103
-0.01332343 -0.81512491
 0.78648697  0.18572987
-0.64777344 -0.46199979
-0.61221303  0.77598081
-0.26850151  0.90416639
-0.73396547 -0.27761845
 0.43781312 -0.69700116
-0.29125282  0.9766679
 1.08834018  0.002425
 0.27649003 -0.91091609
-0.71800421  0.71595287
 0.91722577  0.49603948
-0.40077516 -0.71600443
 0.6392711  -0.48357846
 0.2046751   0.97160757
-0.82425684  0.12372146
-0.31538554  0.71398649
-0.37220898  0.6341665
 0.59706243 -0.84731852
 0.643409    0.74803421
-0.76907383 -0.35299351
-0.83945823 -0.70358875
-0.5795071  -0.54510151
-0.98150302  0.01885248
 0.83543487 -0.50986235
-0.74886316 -0.34344401
-0.11963314 -0.98213664
-0.25115007  0.75941386
 0.45820633 -0.87434116
 0.92968055 -0.01740679
 0.71567771 -0.35800321
 0.71615469  0.42305547
-0.03079234  0.8274907
 0.72994222 -0.68764591
 0.65406515  0.70118181
-0.41387117 -0.66113904
-0.33932925  0.76471386
 0.43279977 -0.71208325
 0.04690367  1.02914621
 0.43634223 -0.57710956
-0.64547452  0.52934235
 0.23798316  0.69710932
-0.54965086 -0.96308508
 0.12102215  0.99119049
-0.80579616 -0.23107735
-0.69980961 -0.41362286
 0.47114859  0.58074603
 0.21149249 -0.9920228
 0.93192938  0.33404543
 0.65339283  0.42759741
-0.08230998  0.94791434
 0.66636323 -0.72731566
 0.76093311  0.28872287
 0.85106197 -0.4755005
 0.78061454 -0.03129014
 0.4538896   0.65232781
 0.98351667  0.38859142
-0.56474694  0.79666497
-0.40396634  0.76756587
 0.20298863 -0.95822451
-0.48270538  0.84413407
-0.50571191 -0.69221843
 0.81827146  0.09690795
 0.66910321 -0.78769954
-0.47855791  0.63065176
 0.90947327  0.36748059
-0.62848019  0.37477053
-0.82905466  0.36562738
 0.03745513 -1.01123743
-0.51988234  0.70128535
-0.09524994  0.76829433
-0.87322975 -0.50297482
 0.65799163 -0.18359595
 0.60549699  0.64283879
 0.95317021  0.01983579
-0.79700505 -0.64213609
 0.33783723  1.05682272
 0.69828623 -0.33225369
 0.71917572 -0.37807148
-0.69094737 -0.66210319
 0.19486949  0.77358668
 0.14949931 -1.02998736
 0.82513194 -0.12530584
-0.79224217 -0.31746273
 0.10717105 -0.96566163
 0.62217982 -0.46496613
-0.33318662 -0.95669123
-0.38194379 -0.67362312
 0.91910889  0.51288653
 0.80577459 -0.13217604
 0.10391451  0.9489256
-0.96721265  0.38829772
 0.71204378 -0.24966194
-0.24684568 -0.99349668
 0.71691031 -0.79525498
-0.91490326  0.50292925
 0.76099611  0.10596518
-1.00466694 -0.24347273
-0.79789304 -0.26268051
-0.84511135 -0.09873986
 0.21864922 -0.96321336
 1.02683393  0.05115054
 0.46895391 -0.55956911
 0.01515616 -0.75273669
 0.33727074  0.90553611
 0.63478326 -0.5345342
-0.43253587  0.76786785
 0.63851897  0.48430963
-0.50343585  0.57242338
-0.5951451   0.56389189
-0.76355849  0.3399547
-0.24517103 -0.68485775
 0.22276354  1.03124256
-0.66949613 -0.40949575
 0.79167378  0.61281932
 0.83403609  0.12241715
-0.87304767  0.40847825
-0.08413442 -0.97836815
-0.47657876 -0.52574798
 0.0536369   0.76614308
 0.83143797 -0.42787405
 0.36618199  0.6820806
 1.01714895 -0.26528335
 0.98758551  0.17956635
 0.21932066 -0.73921916
 0.31918126  0.80850872
-0.14848703 -1.07044491
 0.03654061  0.8652491
 0.75396378  0.6754488
 0.76841671 -0.36769521
 0.11422058  0.7627202
-0.78075471 -0.14048843
 0.68987296 -0.37054339
 0.03170656  0.92452077
-0.98853345 -0.34902508
 0.62076726  0.69714426
-0.96176192  0.2462006
-1.03771381  0.09396658
-0.05005404 -1.04559488
-0.77544528  0.15474257
-0.43477747 -0.96388144
-0.57003606 -0.51167432
-0.69529602  0.3108816
-0.57862106  0.93383297
-0.50642391  0.52385578
 0.83100656 -0.3604946
-0.72418491 -0.63915871
-0.32657155  0.94718763
 0.6767733   0.52733264
 0.30037979 -0.71834431
-0.88806862 -0.57539279
 0.64127879 -0.42060261
 0.95738769  0.31594629
 0.50187611  0.5871705
 0.53765174  0.92063244
 0.77698967 -0.16074826
-0.79250225  0.20459652
 0.49247192 -0.62666841
-0.74987368  0.69740414
 0.08390712  0.78848592
-0.28502239 -0.85396389
-0.81676891  0.57289058
-0.67219819 -0.81383744
-0.73822672  0.47269667
 0.34322431  0.98592325
 0.84538368 -0.68055526
 0.47271648  0.90306663
 0.10473334  0.80684662
-0.96899049 -0.14440069
-0.10788005  0.81646642
 0.1666315   0.65264063
-1.02936219  0.02790825
-0.79617117  0.06141186
-0.30859645 -1.02450204
 0.71315748 -0.7296436
-0.3540737  -0.8034387
 0.81168025  0.00561906
-0.60329922  0.3957359
 0.74862043 -0.25047925
 0.98353013  0.23466636
-0.42983008 -0.64289533
 0.89350378 -0.29867985
-0.90208345  0.12535209
-0.18920664  0.90812172
-0.768719    0.40075898
-0.59926866 -0.70867189
-0.15582071  0.96417807
 0.79356329  0.29745392
-0.82981115  0.62378771
 0.27753511  0.74117636
 0.72467789 -0.68841684
-0.8186788   0.03803984
-0.15439311 -0.7401332
-0.05564915  1.03175885
-0.13640293 -0.77447597
-0.92993614 -0.3862046
 0.77741346 -0.14344571
-0.87252197 -0.40558941
 0.00990992 -0.8514052
 0.4434261  -0.84722353
-0.47799704 -0.44846622
-0.99215878 -0.15200652
 0.94091649  0.49302192
 0.51600401 -0.91268016
-0.04982713 -0.7309749
-0.85958037 -0.55046727
-0.36055361 -0.72964723
 0.00754783 -1.00308332
-0.79037061 -0.25225436
 0.55046654  0.91289666
-0.82345889  0.15973253
-0.07092361  0.8013143
-0.70283884 -0.82818133
-0.77503771 -0.10685143
-0.94387054 -0.2947857
 0.68951987  0.33975963
 0.94193985  0.17016377
-0.61615164  0.46779707
-0.74420636  0.27019345
-0.74141413  0.69864347
-0.58927461  0.86602605
-0.40116396 -0.95442982
-0.6894109   0.27806443
 0.49682939  0.93186956
 0.48725751  0.58161132
-0.306307    0.72446237
-1.02053586 -0.11728739
 0.50883257  0.71324384
 0.84949402 -0.01505069
-0.98268052  0.05644381
-0.35878756  0.95711071
 0.46004031 -0.51302508
 0.92858036  0.08169755
-0.8422374  -0.66086641
-0.50867604 -0.81883235
 0.47540098 -0.69094385
 0.28286483 -0.75635369
 0.70003035  0.53266079
-0.55624871 -0.89228671
 0.6371442   0.67977543
 0.96072264 -0.44072514
-0.61615798  0.80873994
 1.0027444  -0.15785722
 0.64784688  0.25863095
 1.02119978 -0.0479047
-0.56092053 -0.48232164
-0.96969858  0.29102772
-0.80580234  0.65551454
 0.85565965  0.64018032
-0.43012324  0.95505869
-0.83748906 -0.15255196
-0.97418889  0.25839538
-0.00969245 -0.76350349
-1.01460715 -0.18514481
 0.162207   -0.70000634
 0.95714074 -0.31666908
 0.2786973   0.69050899
-0.10561154 -0.8340711
 0.76575784 -0.35051567
-0.3434551  -0.76744222
 0.71545326  0.09126914
 0.35577581 -0.74608245
-1.02106097  0.1847375
-0.93125973 -0.525475
-0.91518169  0.40726464
 0.46654632 -0.94820734
-0.12254992 -1.01092345
 0.17323867 -0.7838167
 0.68406194  0.43593317
 1.01120852 -0.25133514
 0.24186765  0.71476569
-0.43222629 -0.85511097
 0.77309994  0.45024366
 0.52889425  0.60058495
 0.1735555  -0.81129721
 0.45392611  0.91287025
-0.77470699  0.51830546
 0.01816708 -0.78121487