 7.41843850e-01 -4.50740474e-01
 1.16275531e+00 -4.54505177e-01
 1.89888803e+00  3.96853867e-01
-8.30340393e-01  8.60904232e-01
 1.28920538e+00 -5.58909428e-01
 4.45721486e-02  9.57024050e-02
-8.19652025e-01  5.88947423e-01
 1.81678866e+00 -3.00351011e-01
 1.16366085e-01 -1.28087018e-02
 4.47931805e-01 -3.95115131e-01
 1.77357066e-01  1.15335674e+00
 8.56669686e-01  1.46638811e-01
 1.58115281e+00 -2.47818033e-01
 5.88924013e-01  7.80484406e-01
-6.50586792e-01  7.66119845e-01
 2.95715642e-01 -3.85035622e-01
-1.15490961e+00  2.19852407e-01
 2.32309717e-01  9.79917323e-01
 1.54299616e-01  9.63260489e-01
 9.27565636e-01  3.18232140e-01
 1.63488029e-01 -3.49502328e-02
 1.62190956e+00 -5.88571649e-02
 2.16882665e-02 -1.74554344e-02
 1.20434685e+00 -5.83705282e-01
-1.57804277e-01  9.70804311e-01
-4.29761174e-01  8.57458494e-01
 9.12554449e-01  3.46856908e-01
-8.03815636e-01  6.41474465e-01
 1.86301870e+00  3.01904890e-01
 1.00745151e+00  9.70672355e-02
-7.66014808e-01  5.59580657e-01
-2.98646395e-01  9.98974739e-01
-3.11324294e-03  4.30292058e-01
 9.85889351e-01 -4.91089417e-01
 1.19212821e+00 -3.64329074e-01
 5.62357568e-02  9.31502972e-01
 6.54801767e-02  6.78292482e-01
 1.20588848e+00 -3.93528659e-01
 1.02403966e+00  3.54556990e-02
 8.73368014e-01  1.84088601e-01
-8.92940555e-01  1.32505042e-02
 6.53058858e-01  6.37169301e-01
 7.09165045e-01  7.39727824e-01
 3.29359316e-01 -1.57745308e-01
 1.87334264e+00  1.63760845e-01
 8.84117168e-01  5.17475967e-01
-9.56679503e-01  4.78545133e-01
 6.37777627e-01 -4.50492264e-01
 7.49544700e-01  3.58688498e-01
-7.80129528e-01  7.10458660e-01
 1.88222199e+00 -1.73712744e-01
 1.68840051e+00 -1.77381886e-01
 1.70472940e+00  8.99215959e-02
 1.42766478e+00 -5.43117007e-01
 9.25189719e-01 -6.14870147e-01
 1.50915655e+00 -3.23265701e-01
-3.51473939e-01  9.23803695e-01
-2.42202080e-02  3.79078295e-01
 4.47908004e-01  8.96934481e-01
 1.12826538e+00  3.97694387e-01
 9.12288801e-01 -8.33167634e-02
 2.10448945e-01 -7.30889821e-02
 8.37720516e-01 -4.42007737e-01
 9.13320864e-01  2.87509457e-01
 1.87321612e+00  1.17576372e-01
 7.18189696e-01  3.74901413e-01
-5.71493493e-01  7.79532895e-01
-8.04234587e-01  8.15368942e-01
 1.07370698e+00  2.06771763e-01
-9.24395502e-01  7.43764656e-01
 8.65786329e-01 -5.25679519e-01
 9.67109894e-01 -3.26865221e-01
-9.96849733e-01  5.76831037e-01
 3.50603326e-01  8.36966622e-01
 1.76098028e+00  2.11991602e-03
 8.70223503e-01  4.98789023e-01
-1.08827699e+00  2.54780615e-01
 5.03858102e-01  7.97748353e-01
 8.62980291e-01  4.91327458e-01
-3.00073388e-01  9.63850113e-01
-8.97135504e-01  8.16542314e-01
 9.21633199e-01 -3.32334903e-01
-1.25363167e-01  3.38708783e-01
 1.65388490e-01 -2.98157782e-01
 1.24708158e+00 -3.84261428e-01
 1.32329221e+00 -6.05590601e-01
-3.26611914e-01  8.74828854e-01
 3.44570699e-01  1.06432120e+00
 1.73334012e-01 -1.93610686e-01
 2.17299049e+00  3.43627542e-02
 4.57114012e-01  6.78011972e-01
 1.81233733e+00  5.99438740e-02
 4.46384284e-01  1.09069734e+00
-9.43658703e-01  3.41984976e-02
 1.55177413e+00 -4.91069151e-01
 1.30489499e+00 -5.06850738e-01
 8.52649682e-02  3.67049642e-01
-9.81062124e-01  6.16117475e-02
 1.02464719e+00  3.91930933e-02
 1.70237326e+00 -3.44103514e-01
-7.49885132e-02  1.05833550e+00
-9.63060847e-02  8.43743556e-01
-8.12476305e-01  7.18017395e-01
 9.52933736e-01  6.05213006e-01
 2.27167360e-02 -5.99854627e-02
-9.11026054e-01  5.07418592e-01
-5.96850900e-01  8.61722624e-01
 8.78076111e-01 -3.40934576e-02
 1.86549745e+00 -6.18465009e-02
 1.85661047e+00 -2.19099519e-01
-5.52839312e-03  1.72732841e-01
-1.54481116e-01  5.19318994e-01
 1.84590746e+00 -1.85765439e-01
 8.32921980e-01  6.76115330e-01
 1.56703355e+00 -4.31524924e-01
 6.16142393e-01  1.00757791e+00
 1.71949290e-01  2.38950239e-01
 1.59045916e+00 -2.19076566e-01
 1.79063480e+00 -3.06711525e-01
 2.91922746e-02  5.98569307e-01
-4.52151869e-02  2.19150167e-01
 1.67717928e+00 -3.38498649e-01
 8.06692717e-01  5.96842462e-01
-1.70526224e-01  1.14349595e+00
 4.85604664e-01  8.32783614e-01
-5.83505105e-01  7.40067038e-01
 7.33234666e-01  5.41880155e-01
 7.76048255e-01  4.81744141e-01
-7.27270467e-01  3.43464405e-01
 8.46477561e-01  7.75099579e-01
 3.52977618e-01 -3.12118590e-01
-5.70863472e-01  6.69366501e-01
 1.34517515e+00 -3.61318328e-01
 1.64695983e+00 -1.18428257e-01
 4.13144176e-01 -3.62045127e-01
 1.92402478e+00  4.57123011e-01
 6.67197151e-01  8.92305914e-01
 1.93054683e+00  3.84429603e-01
 9.57405418e-01  4.26181650e-01
 1.09079647e-01 -1.27536844e-01
-8.32843554e-01  6.07546518e-01
-7.29776125e-01  4.52846007e-01
 1.04393515e-01 -1.20035893e-01
 1.93520798e+00 -4.12901734e-03
-7.05222090e-01  7.97227301e-01
 1.46750818e-01  1.02228407e+00
 2.21123998e-01 -2.82430280e-01
-9.87640311e-01  4.01172984e-01
 3.72237497e-02  1.96594333e-02
 6.08457836e-01 -3.98324880e-01
 6.49535924e-01 -4.76200695e-01
-5.72275980e-01  6.60333041e-01
 1.13368840e-01  5.01961316e-02
 3.20642873e-02  8.51471464e-01
-8.57602245e-01  4.14068381e-01
 8.16670855e-01  6.01212774e-01
-2.50850737e-01  8.81141238e-01
 1.96507872e+00  2.46956839e-01
 1.78419342e+00  1.17080890e-01
 1.97493965e-01  1.91882006e-01
 1.53914912e+00 -4.64328681e-01
 2.07367474e+00  3.89381858e-01
 1.36843442e-01  1.00470970e+00
 4.89503332e-01 -3.78610692e-01
 9.53728189e-01  6.77580655e-01
 1.82408405e+00  2.68432803e-01
-4.09573778e-01  9.00816671e-01
 1.54229033e+00 -2.86420400e-01
 5.25375486e-01 -4.53130440e-01
-7.22850215e-01  8.15205229e-01
 2.06942539e+00  5.14857719e-01
 6.83052149e-01 -6.18514162e-01
 7.87818507e-01 -5.69136258e-01
 3.07881357e-02  1.62467167e-01
 8.44829524e-01  4.95983690e-01
-8.92463370e-01  3.32219595e-01
 6.92860449e-01 -4.90730967e-01
-1.77495657e-01  9.07347181e-01
 7.84101794e-01  3.57727229e-01
 1.06820217e+00 -4.32960721e-01
-9.65132954e-01  9.83034734e-02
 1.01527494e+00  4.61018179e-01
 1.98828663e+00  2.44269984e-01
 1.56079873e+00 -3.84851859e-01
 1.86460345e+00  6.95861688e-02
 5.47594658e-01  5.77373124e-01
 2.65276380e-01  9.37539271e-01
-8.22960727e-01  2.81902310e-01
 9.72020334e-01  7.09161915e-01
 3.89958189e-01  9.19079293e-01
-8.21767702e-01  3.42803187e-01
 1.69573901e+00 -2.38315251e-01
-1.18985001e-01  2.40680404e-01
-8.25917449e-01  7.65217975e-02
-6.02421259e-01  9.15739719e-01
 1.14006122e-01  1.21457203e-01
 5.22769933e-01  7.96028828e-01
 8.68388023e-03  1.11696143e+00
 9.41333643e-01 -6.58983759e-01
 1.84921621e+00 -1.27462325e-01
 7.54863211e-01 -5.23853144e-01
 1.91305118e+00  2.53175905e-01
 1.18542870e-01  1.01562880e+00
-9.59009689e-01  3.06379691e-01
-8.63741303e-01  6.21673633e-02
 1.78959429e+00 -3.42879657e-01
-1.18178804e+00  1.08554644e-01
 3.79031232e-01 -4.61607418e-01
-8.14689282e-01  9.54756372e-01
 4.73896985e-01 -4.10103519e-01
 9.90923690e-01  2.26568783e-01
 1.96984434e+00  1.83103257e-01
 8.71703019e-01  5.14494410e-01
 1.30603810e-01 -2.43759604e-02
 1.02843345e+00 -3.79824788e-01
-8.47622430e-03  3.03296053e-01
-2.04299104e-01  1.01783424e+00
 5.88749524e-01 -4.94474424e-01
 1.05485211e+00 -4.52594799e-01
 8.33213874e-01 -5.80385447e-01
 4.10012754e-01 -2.67050421e-01
 1.23865054e+00 -6.76394239e-01
 8.15190511e-01 -6.30777941e-02
 9.71453281e-01  7.23848162e-02
-9.59859871e-01  5.37715465e-01
 1.79267088e-01  9.76417731e-01
 6.44836067e-01 -3.70123587e-01
-5.01361798e-01  7.90941794e-01
 2.11303993e+00  1.38818577e-01
 1.21844449e+00 -3.73813268e-01
-7.70941297e-04  1.08456710e+00
 8.21044105e-01 -4.53087038e-01
 1.00741638e+00 -3.87619157e-01
 9.36760127e-02  9.59669393e-01
 1.69071429e+00 -2.27884593e-01
 6.05945737e-01  8.33522558e-01
 2.18072000e-01 -9.85983216e-02
-2.22455242e-01  1.06786457e+00
 4.93198937e-01  7.05286535e-01
 1.01960111e+00  1.73133439e-01
 5.97924703e-01 -2.65050108e-01
 5.49881147e-01 -3.90977289e-01
-9.42566512e-01  2.29156135e-01
 2.00100283e+00 -1.15404101e-01
 2.05414091e+00  6.73087000e-02
-8.43517808e-01  4.20435493e-01
 1.98251891e+00  1.09901194e-01
 3.59698967e-01 -2.48063454e-01
 1.80499386e+00  6.39506968e-01
-3.72928862e-01  1.16610435e+00
 4.78247045e-01  8.51349201e-01
-1.12527093e+00  9.74389786e-02
-6.88099193e-01  6.83545549e-01
 3.36926886e-01  9.70933142e-01
 2.72191348e-01  9.10786167e-01
-9.15769822e-01  1.90772295e-01
 2.90042055e-01 -4.02611445e-01
-8.10112391e-01  6.32057371e-01
 1.44881544e+00 -2.14342776e-01
 1.81560927e+00 -6.43224319e-02
 2.17623017e-01 -1.09138649e-01
 2.79588894e-01  1.11062856e+00
-7.56784595e-01  4.29195536e-01
 1.90511906e+00  1.21977983e-01
-3.16897410e-01  9.77719951e-01
-7.17040226e-01  9.18428082e-01
 7.33684361e-01  7.01238660e-01
 8.44117786e-02  1.11848063e+00
 3.04774155e-01 -2.16702027e-01
-4.30129985e-01  8.75183573e-01
 9.24944621e-01  4.05666098e-01
 1.11254186e+00 -5.29059676e-01
-3.59034169e-02  1.96957323e-01
 9.77204474e-02  1.26975290e-01
 6.62547151e-01 -4.03986376e-01
 1.72362917e+00 -1.49538338e-03
-1.28481924e-01  1.04525830e+00
-6.54144799e-01  4.91671263e-01
 6.97099627e-01  7.89347698e-01
 1.88215611e-01  1.00973038e+00
 1.34239127e+00 -4.33130606e-01
-3.48341702e-02  5.01216184e-01
 6.87706239e-01 -4.31387390e-01
 1.70873362e-01 -1.45789077e-01
-1.83997733e-01  1.17923205e+00
-1.02383662e+00  1.76985651e-01
 1.55890696e+00 -3.82036703e-01
-3.20337402e-01  1.02444737e+00
 6.70049997e-01  6.56942458e-01
 9.21969738e-01 -3.76037953e-01
 1.75410004e+00 -3.41042369e-01
 2.10968954e+00  4.66085901e-01
 1.00650571e-01  2.95508159e-01
 2.13116926e-01 -2.43429826e-01
 1.39289499e+00 -5.52924566e-01
 1.01320485e+00 -5.49778903e-01
 1.68308219e-01 -1.24932494e-01
-9.70269929e-02  1.04346387e+00
 5.44195120e-01  6.71574805e-01
-2.08041891e-01  9.92480667e-01